10 10 10000
10 10 19980
10 10 29950
10 10 39910
10 10 49860
10 10 59800
10 10 69730
10 10 79650
10 10 89560
10 10 99460
10 10 109350
10 10 119230
10 10 129100
10 10 138960
10 10 148810
10 10 148800
10 10 148800
10 10 148800
10 10 148800
10 10 148800
10 10 148803
10 10 148802
10 10 148801
10 10 148800
10 10 148800
10 10 148800
10 10 148800
10 10 148800
10 10 148800
10 10 148800
10 10 148800
10 10 148800
10 10 148800
10 10 148800
10 10 148800
10 10 148803
10 10 148802
10 10 148801
10 10 148800
10 10 148800
10 10 148800
10 10 148800
10 10 148800
10 10 148800
10 10 148800
10 10 148800
10 10 148800
10 10 148800
10 10 148800
20 10 148800
30 10 148702
40 10 148473
40 10 148094
40 10 147744
40 10 147398
40 10 147050
40 10 146737
40 10 146461
40 10 146222
40 10 146007
40 10 145805
40 10 145643
40 10 145521
40 10 145417
40 10 145352
40 10 145304
40 10 145269
40 10 145248
40 10 145235
40 10 145232
40 10 145229
40 10 145224
40 10 145217
40 10 145219
40 10 145215
39 10 145227
39 10 145243
39 10 145252
39 10 145261
39 10 145270
39 10 145286
39 10 145292
39 10 145302
39 10 145305
39 10 145309
39 10 145312
38 10 145315
38 10 145332
38 10 145354
38 10 145368
38 10 145389
38 10 145406
38 10 145413
38 10 145419
38 10 145432
38 10 145437
38 10 145439
38 10 145441
48 10 145442
66 10 145358
94 2 145028
110 2 144405
121 2 143549
120 2 142574
120 2 141601
120 2 140697
120 2 139898
119 2 139184
119 3 138510
119 3 137923
119 3 137403
119 3 136976
119 3 136653
119 3 136388
119 3 136196
119 3 136104
119 3 136059
119 3 136021
118 3 135980
118 4 135963
118 4 135967
118 4 135958
118 4 135932
118 4 135971
117 4 136004
117 4 136023
117 4 136032
116 4 136060
116 5 136073
116 5 136094
116 5 136097
115 5 136102
115 6 136114
115 6 136144
115 6 136187
115 6 136210
114 6 136217
114 6 136242
113 6 136274
113 6 136326
112 6 136373
112 6 136410
112 6 136442
112 6 136464
112 6 136491
112 6 136529
112 6 136544
121 6 136559
146 6 136514
196 6 136178
253 6 135346
304 6 133800
330 6 131567
340 6 129059
340 6 126481
340 6 124016
340 6 121849
339 6 119922
338 6 118210
337 6 116768
337 6 115651
337 6 114715
337 6 113928
337 6 113303
337 6 112744
337 6 112443
337 6 112275
336 6 112179
336 6 112087
336 6 111988
336 6 111931
335 6 111886
333 6 111856
333 6 111878
333 6 111887
333 6 111940
333 6 111953
333 6 111920
332 6 111898
332 6 111891
331 6 111927
331 6 111907
330 6 111897
330 6 111869
330 6 111854
330 6 111870
330 6 111871
330 6 111805
330 6 111824
330 6 111832
329 6 111827
329 6 111844
329 6 111796
329 6 111808
329 6 111901
329 6 111948
338 6 111951
372 6 111903
454 6 111527
578 6 110310
728 6 108036
856 6 104430
940 6 99488
976 6 93995
987 6 88367
986 6 83091
985 6 78646
986 7 74951
985 7 71782
984 7 69316
983 7 67550
983 7 66128
982 7 64993
981 7 64170
981 7 63552
981 7 62934
979 7 62466
980 7 61930
978 8 61475
978 9 61273
976 9 61153
976 9 61065
974 9 60779
974 9 60545
974 9 60284
971 9 60209
971 9 60160
971 9 60118
969 9 60020
967 9 59896
964 9 59879
963 10 59932
963 11 59971
962 11 59791
962 11 59681
961 11 59438
961 11 59285
961 11 59273
959 11 59228
959 11 59298
956 11 59412
954 11 59502
953 11 59597
953 11 59755
953 11 59695
960 11 59562
1000 11 59515
1119 11 59325
1333 11 58596
1647 11 56591
2000 11 52999
2311 11 47434
2519 11 40889
2635 11 34693
2680 11 29561
2697 12 25946
2704 12 23387
2715 12 21777
2715 12 20827
2717 12 20188
2718 12 19708
2723 13 19381
2724 13 19126
2723 14 18962
2723 14 18960
2719 14 18931
2721 14 18834
2722 14 18804
2717 14 18843
2718 14 18842
2716 14 18795
2713 14 18867
2711 14 18943
2706 14 18907
2701 14 18945
2695 14 18900
2691 14 18896
2687 14 19032
2684 14 19076
2679 14 19155
2673 14 19222
2668 14 19316
2659 14 19437
2651 14 19498
2645 14 19573
2639 14 19711
2633 14 19794
2629 14 19852
2626 14 19927
2619 14 19998
2616 14 20071
2609 14 20057
2606 14 20093
2603 14 20151
2608 14 20304
2649 14 20500
2791 14 20509
3078 14 20135
3541 14 19122
4128 14 17367
4722 14 15023
5176 14 12404
5473 14 10119
5626 14 8553
5706 14 7607
5751 14 6964
5766 15 6602
5775 16 6383
5779 16 6228
5783 16 6191
5788 16 6185
5785 16 6136
5773 16 6117
5770 16 6199
5757 16 6238
5742 16 6227
5711 16 6310
5676 17 6378
5627 19 6456
5553 20 6621
5495 20 6745
5421 20 6865
5369 20 6942
5337 20 7002
5297 20 7089
5267 20 7173
5237 20 7239
5199 20 7284
5146 20 7384
5082 20 7519
5018 21 7682
4930 23 7912
4841 24 8149
4779 24 8245
4724 24 8356
4676 24 8512
4641 24 8669
4612 24 8781
4577 24 8894
4543 24 8972
4517 24 9073
4486 24 9142
4468 24 9198
4444 24 9237
4441 24 9317
4487 24 9350
4563 24 9364
4715 24 9305
4916 24 9083
5136 24 8652
5296 24 8067
5386 24 7470
5426 24 7084
5439 24 6681
5439 25 6385
5428 26 6203
5409 26 6174
5394 26 6146
5373 26 6175
5359 26 6163
5341 27 6116
5300 28 6176
5273 29 6306
5225 30 6362
5179 30 6490
5148 30 6573
5107 30 6665
5073 30 6749
5023 30 6836
4984 30 6925
4942 30 7065
4901 30 7186
4871 30 7287
4826 30 7405
4792 30 7577
4765 30 7721
4747 30 7825
4732 30 7938
4710 30 8058
4689 30 8105
4653 30 8211
4613 30 8306
4586 30 8445
4568 30 8518
4559 30 8579
4542 30 8680
4534 30 8719
4525 30 8776
4516 30 8883
4503 30 8896
4497 30 9050
4491 30 9152
4477 30 9202
4468 30 9371
4495 30 9500
4518 30 9523
4574 30 9507
4655 30 9488
4736 30 9357
4807 30 9221
4880 30 8959
4910 30 8624
4925 30 8266
4922 30 7987
4909 30 7897
4901 31 7701
4898 33 7565
4879 34 7512
4851 34 7479
4844 34 7457
4832 34 7556
4813 34 7551
4794 34 7582
4775 34 7686
4760 34 7744
4753 34 7809
4735 35 7983
4712 38 8043
4683 41 8210
4654 42 8376
4639 42 8522
4628 42 8610
4621 42 8782
4599 42 8892
4587 42 9004
4580 42 9094
4571 42 9206
4554 42 9296
4539 42 9321
4528 43 9319
4507 46 9432
4493 49 9614
4487 50 9838
4484 50 9996
4474 50 10143
4470 50 10319
4450 50 10531
4429 50 10710
4426 50 10940
4422 50 11145
4413 50 11297
4395 50 11493
4382 50 11734
4389 50 11973
4397 50 12143
4419 50 12284
4465 50 12381
4503 50 12348
4530 50 12289
4552 50 12095
4563 50 11914
4569 50 11869
4570 50 11778
4572 51 11634
4566 53 11565
4554 54 11554
4550 54 11511
4541 54 11572
4532 54 11679
4523 55 11767
4514 57 11812
4507 59 11905
4478 61 12076
4459 62 12250
4436 62 12459
4427 62 12714
4415 62 12877
4402 62 13008
4379 62 13159
4365 62 13320
4354 62 13433
4351 62 13381
4332 62 13425
4323 62 13571
4310 62 13779
4295 62 13916
4280 62 14062
4268 62 14242
4269 62 14429
4259 62 14522
4261 62 14695
4259 62 14843
4258 62 14921
4254 62 15211
4244 62 15490
4236 62 15725
4225 62 16029
4224 62 16207
4221 62 16395
4215 62 16564
4200 62 16666
4190 62 16844
4190 62 17008
4190 62 17109
4192 62 17277
4216 62 17335
4228 62 17333
4235 62 17401
4240 62 17309
4235 62 17324
4236 62 17276
4227 62 17220
4214 62 17374
4217 62 17468
4203 63 17592
4179 66 17788
4187 69 18011
4189 70 18166
4171 70 18374
4162 70 18600
4165 70 18754
4148 70 18910
4139 70 19036
4124 70 19052
4112 70 19070
4097 71 19230
4089 75 19336
4082 81 19391
4071 85 19567
4064 86 19798
4043 86 19978
4035 86 20239
4026 86 20536
4013 86 20698
4004 86 20985
4014 86 21267
4007 86 21531
4001 86 21801
4001 87 22059
4000 91 22232
3999 97 22289
3992 101 22437
4001 102 22578
3992 102 22676
3976 102 22724
3967 102 22881
3945 102 22931
3917 102 23085
3913 102 23423
3903 102 23667
3889 102 23912
3887 102 24214
3875 102 24555
3879 102 24954
3884 102 25383
3871 102 25664
3864 102 25993
3877 102 26210
3874 102 26459
3869 102 26670
3849 102 26830
3847 102 27006
3848 103 27151
3831 105 27379
3818 108 27638
3812 108 27859
3805 108 28169
3794 108 28382
3794 109 28579
3784 112 28675
3778 116 28765
3768 120 28817
3751 121 28938
3741 123 28957
3735 123 28952
3725 123 28920
3720 123 28823
3707 123 28821
3688 123 28875
3670 123 28920
3664 123 28921
3651 123 29011
3655 123 29179
3647 123 29370
3653 123 29582
3633 124 29824
3642 124 30055
3636 124 30287
3628 124 30575
3632 124 30796
3620 124 30951
3635 124 31233
3637 124 31431
3631 124 31602
3631 124 31790
3624 124 31960
3622 124 32086
3600 124 32314
3590 124 32442
3586 124 32575
3583 124 32643
3571 124 32828
3568 124 32996
3570 124 33084
3563 124 33175
3562 124 33231
3549 124 33267
3548 124 33311
3536 124 33303
3523 124 33436
3505 124 33552
3504 124 33679
3500 124 33845
3498 125 33996
3496 128 34056
3485 131 34126
3473 133 34230
3484 134 34392
3479 133 34484
3478 133 34570
3469 133 34545
3464 133 34511
3456 133 34581
3464 132 34594
3465 133 34552
3470 137 34504
3470 145 34508
3462 154 34495
3451 158 34499
3440 159 34642
3435 160 34913
3423 160 35118
3416 160 35244
3411 160 35479
3401 159 35831
3400 159 36101
3397 159 36338
3390 160 36604
3381 165 36869
3370 175 37067
3371 185 37293
3361 190 37522
3346 191 37785
3344 191 38125
3335 191 38429
3322 191 38707
3308 191 38950
3301 191 39193
3282 191 39475
3281 191 39809
3268 191 40210
3257 191 40566
3244 191 40870
3227 190 41196
3217 187 41483
3211 187 41744
3211 187 41979
3199 187 42164
3181 186 42407
3167 186 42700
3149 186 42915
3131 186 43228
3114 186 43477
3105 187 43750
3105 188 43998
3097 187 44277
3111 185 44479
3097 185 44806
3102 186 45008
3084 186 45178
3074 186 45369
3059 184 45558
3057 184 45731
3059 182 45805
3055 182 45943
3052 182 45998
3040 182 46164
3035 182 46337
3030 182 46539
3021 182 46731
3007 182 46834
3000 182 47017
2997 181 47205
2984 181 47345
2973 181 47471
2965 181 47721
2978 181 47919
2975 181 48075
2967 181 48259
2967 181 48520
2974 181 48650
2970 180 48834
2961 180 49045
2962 180 49318
2954 180 49551
2938 180 49799
2944 180 50026
2933 180 50194
2944 179 50302
2932 179 50373
2923 178 50457
2924 178 50523
2922 178 50504
2921 177 50509
2916 177 50509
2921 176 50506
2903 175 50599
2884 174 50649
2864 174 50724
2832 174 50891
2811 174 51094
2788 174 51252
2774 175 51391
2766 177 51521
2767 177 51586
2766 175 51767
2763 174 51892
2749 175 52046
2745 174 52258
2738 174 52497
2737 172 52559
2748 171 52819
2751 170 53030
2743 170 53176
2758 170 53207
2753 172 53171
2751 178 53084
2735 183 53162
2734 187 53175
2719 188 53239
2706 188 53422
2682 187 53671
2689 187 53959
2669 187 54216
2670 187 54492
2662 185 54790
2672 185 54953
2667 191 55184
2656 203 55307
2645 215 55431
2637 223 55683
2625 226 55961
2610 227 56304
2586 226 56616
2569 227 56893
2546 227 57302
2521 227 57688
2493 227 58137
2480 227 58608
2463 227 59205
2465 227 59771
2461 227 60334
2455 227 60832
2441 227 61487
2423 227 61938
2410 227 62484
2393 226 63051
2371 226 63612
2358 225 64118
2337 224 64735
2324 224 65321
2304 222 65948
2287 221 66510
2281 222 67079
2279 221 67497
2266 220 67994
2265 220 68413
2266 221 68693
2255 224 68849
2242 226 69088
2245 226 69162
2243 224 69236
2230 224 69457
2225 224 69755
2221 223 69999
2218 222 70265
2211 219 70500
2204 215 70827
2203 214 71014
2192 214 71207
2192 213 71441
2188 211 71822
2192 211 71995
2193 211 72162
2189 211 72302
2170 211 72536
2174 211 72742
2168 211 73007
2167 211 73284
2159 208 73466
2154 207 73702
2153 207 73880
2139 207 74145
2141 207 74293
2138 205 74447
2131 205 74521
2135 205 74591
2132 205 74630
2127 205 74615
2117 204 74754
2112 204 74842
2119 204 75032
2114 204 75162
2110 204 75328
2103 204 75401
2092 204 75489
2086 204 75614
2073 204 75835
2054 204 76112
2031 204 76445
2007 204 76699
1989 204 76946
1988 203 77104
1982 202 77237
1978 201 77469
1974 201 77630
1972 200 77706
1962 198 77768
1954 197 77895
1953 197 77964
1941 197 78030
1931 197 78182
1929 196 78376
1919 197 78541
1919 201 78652
1911 206 78813
1905 212 78982
1902 218 79145
1895 221 79324
1881 222 79631
1878 222 79952
1873 222 80281
1882 222 80561
1871 221 80849
1863 219 81142
1871 219 81487
1879 225 81846
1883 240 82112
1877 256 82340
1852 273 82611
1843 284 82836
1832 289 83160
1818 291 83545
1804 290 83917
1790 289 84234
1778 289 84643
1764 289 85095
1741 288 85551
1738 288 86025
1718 288 86539
1715 288 87091
1702 287 87673
1697 287 88247
1694 287 88803
1684 287 89365
1681 287 89931
1663 287 90352
1663 287 90743
1646 287 91180
1628 286 91542
1628 285 91754
1617 284 91891
1618 283 92006
1623 280 92042
1634 279 91996
1620 278 91984
1614 278 91985
1601 278 91948
1596 279 92073
1586 280 92155
1578 280 92275
1567 279 92393
1561 278 92511
1546 278 92686
1544 277 92901
1535 277 93226
1529 277 93465
1530 274 93668
1524 274 93826
1517 274 94060
1519 274 94250
1510 274 94434
1508 273 94601
1504 272 94675
1502 272 94667
1498 272 94696
1486 271 94728
1486 270 94784
1487 268 94855
1478 263 94855
1465 261 94929
1457 260 95083
1449 258 95195
1439 258 95387
1437 257 95457
1433 257 95598
1421 257 95692
1423 257 95760
1423 256 95775
1416 256 95785
1410 256 95900
1411 255 96111
1413 253 96271
1409 253 96380
1398 253 96570
1393 252 96742
1384 251 96878
1378 250 97145
1377 249 97334
1366 248 97518
1358 248 97653
1361 245 97770
1352 244 97945
1352 242 98157
1340 241 98293
1342 241 98408
1346 241 98420
1347 240 98419
1344 240 98415
1339 238 98450
1334 237 98488
1338 236 98495
1333 236 98577
1315 240 98635
1297 242 98696
1278 243 98833
1280 243 98840
1272 243 98902
1267 241 98954
1254 241 98966
1248 240 99084
1236 238 99255
1225 238 99383
1220 238 99493
1221 238 99545
1214 240 99642
1202 244 99751
1186 247 99806
1181 257 99908
1160 267 100188
1138 270 100509
1130 273 100937
1124 270 101396
1107 270 101821
1097 270 102235
1089 268 102794
1080 268 103298
1066 268 103762
1050 268 104289
1038 268 104935
1027 267 105550
1028 266 106171
1025 265 106688
1012 265 107135
1007 266 107519
998 266 107866
995 265 108182
982 264 108582
979 264 108920
971 263 109195
965 263 109357
964 262 109500
961 261 109699
941 260 109843
945 260 110025
940 260 110226
932 261 110479
932 264 110741
939 268 110860
932 269 110883
936 269 110773
917 268 110789
914 268 110824
909 267 110825
909 266 110813
903 262 110899
898 261 110968
894 257 111001
891 257 111125
880 255 111269
878 255 111349
872 254 111427
861 254 111522
848 254 111647
841 254 111770
834 254 111898
834 254 111918
830 250 112015
824 249 112122
820 247 112243
809 244 112359
804 241 112432
795 240 112571
794 240 112704
795 240 112812
786 238 112916
785 237 112958
779 236 112997
780 235 113106
778 235 113213
777 234 113316
773 234 113363
768 234 113373
762 234 113435
751 233 113527
747 232 113671
735 231 113815
725 231 114023
713 230 114154
711 229 114328
702 227 114480
701 225 114658
698 225 114826
691 224 114959
696 224 115119
687 223 115337
689 223 115405
685 222 115430
686 218 115479
682 217 115475
684 217 115299
686 218 115120
684 220 114806
680 219 114517
678 216 114199
672 211 114134
673 206 114075
664 207 114003
658 207 113950
650 207 114007
642 205 114003
629 203 114094
620 201 114225
613 201 114318
611 202 114420
600 202 114536
605 208 114621
597 221 114683
589 229 114780
586 239 114927
574 243 115144
562 240 115438
551 240 115779
537 239 116195
533 238 116662
530 238 117181
514 237 117752
499 237 118340
494 237 118911
484 236 119465
478 236 119974
473 235 120500
460 235 121037
454 234 121488
462 233 121838
454 233 122182
450 232 122541
445 232 122850
441 232 123174
439 230 123452
433 230 123618
425 229 123824
417 229 124059
413 228 124320
412 228 124672
416 229 124925
427 233 125098
431 237 125162
438 237 125163
444 235 125074
458 235 124782
455 234 124382
459 233 123884
448 232 123389
447 232 122946
439 232 122517
435 232 122113
431 232 121787
431 232 121568
420 232 121409
411 232 121371
403 232 121494
396 232 121630
396 231 121801
392 231 121865
389 229 122008
386 227 122245
381 223 122427
376 218 122541
373 215 122708
369 214 122923
363 214 123182
355 214 123407
347 214 123612
349 212 123800
349 212 123996
355 211 124121
352 211 124185
356 210 124221
354 209 124277
349 209 124302
341 209 124443
341 208 124553
339 208 124718
333 207 124935
331 207 125084
330 206 125176
326 206 125355
318 204 125505
311 203 125652
309 203 125811
303 203 126002
297 203 126254
297 203 126520
296 203 126739
302 203 127000
313 203 127040
330 202 126944
350 201 126608
370 199 126043
383 200 125382
399 202 124569
408 205 123730
412 206 122918
413 204 122055
406 205 121327
402 206 120730
396 205 120260
389 202 119951
382 198 119730
373 198 119585
364 198 119658
362 197 119777
360 196 119948
355 197 120117
347 199 120287
335 208 120582
328 214 120961
324 217 121286
314 216 121627
304 212 122015
297 211 122404
293 211 122833
292 211 123171
285 209 123538
281 208 123817
275 207 124215
269 207 124523
261 207 124811
253 207 125109
248 202 125460
241 201 125829
239 201 126209
237 201 126541
237 200 126871
237 200 127197
239 200 127439
234 200 127624
227 200 127842
225 200 128028
224 198 128156
220 198 128331
217 198 128493
215 198 128734
223 198 128885
237 199 128952
260 200 128845
292 201 128539
327 201 127933
363 199 127074
391 199 126001
417 199 124755
430 197 123608
435 197 122463
437 197 121287
432 196 120237
427 196 119380
423 195 118692
424 194 118141
420 193 117850
414 193 117574
407 192 117415
405 192 117379
402 192 117429
399 192 117475
396 191 117580
391 183 117633
387 180 117729
379 178 117885
375 172 118075
372 171 118185
369 170 118316
368 170 118453
364 170 118599
358 170 118680
355 170 118778
350 169 118901
346 169 119062
346 169 119182
339 168 119375
338 167 119663
336 167 119873
333 167 120048
331 167 120185
331 165 120273
330 163 120359
327 163 120458
328 163 120517
326 163 120474
321 163 120478
317 163 120534
315 161 120619
316 161 120656
319 158 120669
335 157 120582
365 155 120458
410 153 120066
467 152 119359
524 151 118186
577 151 116544
630 152 114669
675 155 112576
699 155 110494
720 153 108591
720 153 106940
720 152 105592
715 150 104412
716 149 103440
712 147 102817
713 147 102267
704 146 101755
700 145 101434
696 145 101171
688 145 100960
678 144 100947
677 149 100925
671 154 100877
668 147 100921
662 142 100965
659 138 100882
652 137 100905
651 136 100876
643 136 100876
639 136 100937
631 135 101071
620 134 101173
612 133 101292
605 132 101573
602 132 101743
596 132 101865
596 131 101969
591 131 102075
585 129 102233
585 129 102352
579 129 102458
575 128 102538
569 128 102544
561 128 102605
555 128 102745
550 128 102890
543 128 102997
541 127 103097
538 126 103260
545 126 103369
567 127 103344
621 130 103172
696 136 102555
781 140 101581
856 141 100057
943 141 97999
1031 141 95640
1114 141 93052
1162 139 90356
1192 139 87825
1200 138 85694
1202 137 83975
1188 137 82594
1185 136 81588
1177 136 80964
1173 134 80546
1158 134 80236
1144 134 80083
1134 134 80043
1133 133 80022
1120 132 80093
1116 130 80226
1101 126 80517
1101 123 80765
1085 121 80947
1077 118 81124
1062 118 81291
1055 118 81409
1045 118 81497
1038 119 81662
1025 119 81817
1018 118 81975
1012 119 82118
1009 119 82307
1000 119 82564
989 119 82795
982 119 82989
979 118 83153
968 118 83332
962 118 83444
953 118 83685
950 118 83886
944 117 83971
940 117 84076
933 117 84232
926 116 84346
920 116 84493
916 116 84646
918 116 84845
935 114 84911
983 113 84854
1065 112 84523
1169 111 83636
1298 111 82117
1438 111 80086
1577 110 77868
1721 106 75506
1838 102 72947
1925 101 70297
1969 101 68032
1987 99 66394
2008 98 65128
2010 97 64144
2018 96 63352
2023 95 62841
2018 95 62415
2010 95 62060
2009 95 61868
2000 95 61824
1994 94 61849
1983 93 61859
1972 90 61967
1966 85 62060
1966 83 62097
1955 81 62087
1944 81 62103
1929 81 62177
1915 81 62298
1898 81 62460
1888 81 62652
1879 81 62788
1867 81 62813
1860 81 62978
1851 81 63130
1844 81 63234
1833 81 63456
1816 81 63780
1803 81 64064
1792 81 64254
1779 81 64376
1763 81 64503
1754 81 64552
1745 82 64729
1734 82 64989
1723 81 65263
1717 81 65438
1702 81 65721
1697 81 65978
1705 81 66168
1738 82 66253
1815 87 66103
1929 97 65647
2067 107 64832
2222 112 63437
2373 113 61749
2541 114 59715
2678 114 57574
2791 114 55397
2854 114 53534
2877 114 52138
2880 113 51041
2878 112 50210
2877 112 49704
2873 111 49463
2858 111 49325
2842 110 49186
2824 109 49301
2807 109 49408
2789 109 49562
2770 110 49626
2741 111 49860
2721 110 50139
2693 109 50314
2657 109 50478
2627 109 50623
2605 109 50716
2569 109 50919
2544 109 51190
2502 110 51494
2474 111 51866
2438 111 52227
2398 112 52522
2365 113 52876
2351 113 53231
2313 113 53669
2284 112 54111
2243 112 54669
2211 112 55256
2185 112 55877
2165 112 56439
2137 112 57002
2118 112 57521
2090 112 58095
2075 112 58569
2052 112 59110
2033 112 59609
2019 112 60040
2009 112 60428
2003 112 60850
2028 112 61110
2078 112 61225
2162 113 61061
2256 113 60572
2362 113 59578
2456 113 58127
2547 113 56357
2607 113 54346
2649 113 52461
2651 113 50932
2645 113 49506
2636 113 48367
2632 113 47478
2628 112 46827
2624 112 46324
2598 112 46098
2586 112 46106
2583 112 46157
2563 112 46294
2539 112 46411
2520 112 46559
2506 114 46733
2484 116 46866
2456 117 47083
2434 117 47383
2409 117 47748
2395 117 48070
2376 117 48375
2342 117 48821
2320 117 49236
2288 117 49663
2271 117 50113
2253 117 50520
2225 117 50902
2217 117 51368
2198 117 51759
2181 117 52217
2163 117 52660
2158 117 52950
2146 117 53242
2126 117 53638
2116 117 53932
2100 118 54253
2081 119 54684
2063 119 55046
2046 119 55308
2032 119 55540
2031 119 55821
2025 119 56165
2051 120 56573
2082 125 56758
2121 139 56776
2196 156 56534
2273 169 55909
2342 175 55005
2408 177 53784
2465 179 52408
2501 179 51074
2515 179 49975
2509 179 48967
2503 179 48362
2487 179 47814
2467 179 47569
2466 179 47467
2439 179 47392
2415 179 47362
2400 179 47341
2378 179 47436
2355 180 47635
2330 181 47988
2305 183 48371
2284 184 48802
2259 184 49210
2240 184 49688
2215 184 50191
2205 184 50659
2182 184 51101
2165 184 51506
2143 185 51883
2127 187 52368
2110 188 52867
2098 189 53320
2083 191 53777
2072 193 54185
2065 193 54567
2033 193 54907
2024 193 55393
2005 193 55901
1979 193 56415
1959 193 56947
1937 193 57441
1933 193 57887
1918 193 58335
1908 193 58753
1881 193 59220
1867 193 59605
1857 193 59938
1849 193 60303
1840 193 60629
1848 193 61070
1863 193 61315
1906 194 61421
1951 195 61283
2014 195 60761
2078 195 60038
2133 195 59074
2173 195 57970
2186 195 56910
2199 194 56063
2189 194 55115
2182 194 54523
2160 194 53954
2142 194 53566
2130 194 53329
2112 194 53171
2101 193 53091
2086 192 53008
2073 192 53051
2060 192 53164
2043 192 53276
2029 195 53466
2018 199 53661
1992 204 53911
1960 206 54298
1931 206 54750
1917 206 55113
1903 205 55510
1875 205 55890
1857 205 56354
1838 205 56880
1805 204 57519
1791 203 58189
1787 203 58773
1761 203 59284
1740 203 59862
1717 202 60518
1705 202 61260
1690 201 61996
1671 201 62670
1650 200 63152
1636 199 63638
1622 198 64268
1606 198 64829
1602 198 65302
1588 198 65825
1573 198 66475
1563 198 67020
1569 198 67518
1574 197 67886
1585 198 68164
1597 205 68290
1631 214 68288
1672 221 68161
1702 230 67771
1742 236 67259
1765 240 66696
1769 243 66201
1769 244 65970
1755 244 65806
1746 244 65721
1729 244 65805
1727 244 65968
1705 244 66198
1689 244 66587
1666 244 67130
1646 245 67720
1628 245 68279
1610 245 68935
1594 245 69542
1576 248 70056
1547 250 70612
1521 251 71218
1498 251 72022
1481 251 72753
1453 251 73394
1436 251 74054
1410 251 74651
1395 252 75272
1375 256 75869
1354 259 76403
1336 261 76924
1318 264 77413
1299 267 77975
1277 266 78595
1263 266 79233
1251 265 79890
1234 264 80571
1216 264 81222
1194 264 81878
1176 263 82566
1155 263 83289
1138 263 84004
1128 262 84883
1117 261 85675
1103 261 86380
1091 260 87046
1079 260 87781
1075 260 88392
1075 259 89014
1087 259 89514
1105 259 89904
1138 258 90177
1164 256 90220
1211 254 90090
1244 252 89790
1269 252 89282
1272 252 88681
1267 252 88215
1261 251 87924
1257 251 87738
1258 251 87613
1252 251 87423
1234 250 87317
1222 250 87394
1213 250 87606
1202 250 87813
1192 250 88144
1178 249 88570
1151 250 88959
1139 252 89572
1132 259 90173
1124 267 90697
1122 274 91162
1107 276 91615
1096 276 92055
1082 276 92443
1063 275 92852
1050 273 93193
1039 272 93570
1033 272 93887
1022 271 94173
1001 269 94520
985 270 94960
975 268 95385
956 266 95827
946 265 96247
933 265 96801
919 265 97420
912 264 98092
899 264 98690
882 264 99340
874 264 99998
863 264 100619
855 264 101134
843 263 101666
833 263 102084
826 263 102472
826 263 102811
839 263 103073
844 267 103270
848 275 103313
867 281 103269
868 293 103362
884 298 103633
907 299 103642
905 304 103602
904 307 103417
901 309 103141
891 308 102916
878 309 102730
862 309 102696
849 309 102789
840 309 103105
842 309 103389
833 310 103746
831 311 103986
821 311 104262
815 310 104553
814 309 104810
807 308 105071
798 309 105266
787 309 105580
768 309 106000
754 309 106549
751 309 106981
733 309 107351
725 310 107618
711 315 107969
702 321 108373
690 325 108741
678 328 109124
668 330 109569
666 332 110006
646 330 110520
640 329 111017
631 327 111451
611 327 111879
603 327 112392
588 327 112910
587 327 113425
576 327 113891
574 327 114329
560 327 114697
549 327 115221
531 327 115611
519 326 116113
520 324 116666
516 323 117129
511 323 117607
511 321 118137
511 318 118597
501 314 119121
510 311 119582
511 309 119966
500 307 120241
491 305 120545
486 304 120910
486 304 121228
481 305 121521
482 304 121726
472 304 121874
471 304 121984
461 304 122113
457 304 122299
450 303 122495
449 303 122612
440 302 122713
429 300 122909
428 301 123125
418 306 123370
411 306 123632
401 308 123947
389 310 124289
389 311 124629
386 310 124927
379 310 125251
368 309 125558
364 308 125807
357 307 126062
355 306 126384
348 305 126818
346 301 127132
347 298 127416
339 298 127624
331 297 127938
336 295 128169
331 295 128327
323 295 128488
320 295 128689
318 294 128929
314 294 129167
313 292 129288
309 290 129457
309 285 129636
304 284 129825
303 282 130001
300 281 130211
298 281 130416
300 281 130559
302 278 130719
303 273 130874
303 273 130949
302 273 131018
301 272 131171
296 275 131225
289 278 131350
285 280 131376
283 280 131359
274 281 131309
269 281 131363
259 281 131446
254 280 131610
254 280 131817
251 281 131965
245 281 132139
240 279 132305
229 279 132584
227 278 132881
225 279 133185
221 281 133444
217 280 133658
212 278 133905
211 276 134130
206 276 134399
208 276 134594
203 277 134790
195 280 135000
195 283 135254
194 285 135452
191 289 135654
189 292 135866
185 292 136050
181 291 136231
180 290 136410
175 289 136634
167 289 136871
159 289 137115
154 289 137416
153 289 137657
151 289 137902
151 288 138129
152 288 138327
149 288 138509
144 287 138661
141 286 138784
134 286 138901
131 286 139077
127 284 139290
125 284 139530
123 281 139759
123 279 139963
118 276 140124
117 270 140347
117 268 140546
119 266 140697
120 265 140870
118 263 140965
113 262 141063
108 262 141154
105 261 141266
104 259 141350
102 256 141375
98 254 141436
93 253 141516
90 252 141618
84 250 141723
81 249 141863
84 250 141973
81 252 142074
79 252 142197
80 252 142343
76 253 142452
75 254 142593
73 253 142738
69 252 142842
63 251 143000
61 248 143158
59 246 143304
56 243 143487
54 240 143660
53 238 143845
53 234 144000
53 232 144132
47 230 144279
46 227 144429
42 227 144581
43 224 144743
43 223 144891
42 222 145025
42 222 145122
41 221 145221
41 221 145347
37 221 145475
37 221 145574
35 220 145658
32 218 145768
30 217 145854
27 215 146006
26 214 146174
23 214 146325
22 215 146490
21 217 146635
21 209 146780
21 207 146944
22 205 147092
22 203 147202
20 200 147297
18 198 147407
15 194 147516
14 194 147637
12 194 147770
12 194 147900
14 192 148026
14 190 148129
14 189 148215
13 189 148263
13 189 148310
13 189 148350
14 188 148383
16 186 148395
18 185 148371
18 182 148325
18 180 148287
18 179 148228
17 179 148168
17 178 148124
17 175 148102
17 172 148075
17 171 148052
16 168 148031
16 168 148023
15 169 148039
15 168 148059
15 168 148073
15 167 148084
15 165 148099
15 164 148117
15 162 148144
15 162 148163
15 162 148174
15 162 148186
15 162 148202
15 162 148204
15 162 148205
15 161 148205
15 159 148205
15 159 148204
15 158 148203
15 157 148202
14 157 148201
14 155 148215
14 152 148232
13 150 148245
13 150 148270
13 147 148294
13 146 148317
13 143 148338
13 140 148357
13 138 148374
13 138 148389
14 138 148402
17 138 148411
22 137 148360
27 135 148249
30 132 148089
31 131 147880
31 130 147661
30 127 147471
30 125 147287
32 121 147123
34 120 146955
37 116 146788
36 112 146593
35 111 146448
34 111 146320
34 111 146228
33 109 146157
33 107 146130
33 107 146110
33 106 146094
32 104 146080
32 103 146081
32 102 146084
32 102 146092
32 102 146108
32 101 146120
32 101 146129
31 100 146162
30 100 146194
30 98 146237
30 98 146271
30 97 146303
30 97 146330
30 97 146356
30 97 146373
30 95 146379
30 95 146391
30 94 146400
30 92 146416
29 87 146417
29 83 146440
29 76 146455
29 76 146463
29 75 146470
29 73 146476
29 72 146483
29 70 146490
29 70 146496
29 69 146501
29 68 146505
33 67 146523
40 65 146492
50 65 146383
59 64 146143
66 62 145777
69 61 145340
69 60 144887
69 59 144463
70 58 144020
71 55 143627
73 51 143260
76 49 142906
79 48 142570
80 48 142216
80 48 141901
80 47 141616
80 46 141431
80 44 141263
80 43 141090
80 42 140947
80 39 140869
80 37 140790
80 36 140714
79 36 140672
79 35 140627
77 34 140621
77 35 140637
77 35 140673
77 35 140734
77 35 140784
76 35 140808
76 34 140824
75 34 140862
74 35 140913
74 34 140958
74 34 140995
74 33 141039
74 33 141053
74 33 141079
73 33 141104
73 32 141140
72 31 141210
72 30 141267
72 30 141289
72 29 141311
72 29 141331
72 29 141349
72 29 141354
72 28 141355
75 28 141359
84 28 141329
102 28 141235
124 28 140949
146 28 140356
162 28 139461
172 27 138398
174 26 137279
174 25 136220
175 24 135206
179 23 134274
186 22 133502
194 22 132689
200 22 131810
202 22 131006
203 22 130278
203 22 129640
203 22 129072
203 21 128635
202 21 128251
202 20 127930
202 20 127656
200 20 127471
199 20 127304
199 20 127134
198 20 127025
197 19 126974
197 18 126986
197 18 127011
197 18 127010
197 18 126994
196 18 126990
196 18 126971
196 18 126971
195 18 126964
194 18 126973
193 17 127013
192 17 127073
192 16 127094
192 16 127128
192 16 127206
192 15 127251
191 14 127305
191 14 127338
189 14 127406
188 14 127476
188 14 127563
188 13 127581
188 13 127603
191 12 127645
201 13 127663
225 12 127692
266 11 127455
323 11 126691
377 11 125339
422 10 123512
449 10 121274
463 10 119023
469 10 116801
477 10 114635
489 10 112773
506 10 111096
523 10 109415
536 10 107807
544 10 106191
546 10 104562
545 10 102979
544 11 101657
542 11 100611
539 11 99630
538 11 98937
536 11 98459
534 11 98108
534 11 97742
533 11 97417
533 11 97156
531 11 97006
530 11 96893
528 11 96831
527 11 96768
525 11 96712
522 11 96631
522 11 96653
521 12 96687
520 13 96646
518 13 96674
517 13 96681
517 13 96680
517 13 96712
516 13 96739
515 13 96751
513 13 96872
513 13 96967
512 13 96905
511 13 96871
510 13 96846
509 13 96850
507 13 96887
509 13 96888
521 13 96757
554 13 96525
619 13 96186
726 13 95516
863 13 93982
993 13 91755
1106 13 88915
1176 13 85544
1217 13 82110
1242 13 78857
1272 13 75968
1308 13 73433
1351 13 71120
1388 13 69018
1420 13 66924
1436 13 64816
1453 14 62700
1455 14 60841
1457 14 59499
1455 14 58177
1456 14 56944
1455 14 55835
1453 14 54989
1450 14 54415
1448 14 53775
1443 14 53252
1440 14 52783
1436 14 52276
1432 14 51887
1428 14 51595
1424 14 51371
1417 14 51234
1417 14 51098
1417 14 50939
1413 14 50819
1408 14 50695
1404 14 50566
1400 14 50593
1401 14 50586
1397 14 50558
1396 14 50540
1393 14 50373
1389 14 50186
1385 14 50042
1379 15 49997
1374 15 50171
1372 15 50234
1369 15 50214
1369 15 50106
1378 15 50050
1422 16 49894
1511 17 49794
1678 17 49383
1906 17 48424
2158 17 46898
2414 17 44779
2642 17 42070
2797 17 39041
2891 17 36132
2963 17 33608
3040 17 31683
3121 17 30122
3219 17 28584
3288 17 26972
3350 17 25603
3408 17 24302
3433 17 22902
3448 18 21778
3457 19 20827
3462 19 20062
3465 19 19449
3458 19 19024
3453 19 18673
3449 19 18503
3438 19 18288
3424 19 18088
3416 19 18018
3412 19 17913
3408 19 17848
3402 19 17907
3392 19 17944
3379 19 17953
3371 19 17913
3359 20 17914
3351 22 17887
3335 23 17857
3326 23 17781
3313 23 17830
3295 23 17855
3277 23 17966
3264 23 18093
3248 23 18153
3239 23 18266
3228 23 18351
3227 23 18308
3214 23 18443
3212 23 18567
3208 23 18566
3206 23 18631
3233 23 18659
3299 23 18601
3423 23 18392
3650 23 18120
3914 23 17617
4186 23 16678
4457 23 15694
4681 23 14565
4858 23 13497
4969 23 12494
5068 23 11685
5167 23 10972
5277 23 10363
5382 23 9789
5470 23 9271
5546 23 8818
5585 24 8382
5610 25 8069
5615 25 7878
5618 25 7684
5609 25 7502
5586 25 7359
5562 25 7305
5525 25 7264
5471 25 7255
5433 25 7330
5400 25 7373
5354 25 7412
5306 25 7507
5268 25 7574
5229 25 7643
5186 25 7787
5132 25 7909
5070 25 7984
5013 25 8124
4943 25 8249
4887 25 8421
4823 25 8551
4759 25 8666
4709 25 8751
4669 25 8843
4630 25 8942
4587 25 9000
4545 25 9016
4500 26 9077
4466 27 9156
4431 27 9232
4414 27 9302
4394 27 9345
4381 27 9405
4384 28 9449
4416 30 9429
4467 31 9423
4560 31 9341
4655 31 9106
4765 31 8863
4875 31 8637
4971 31 8302
5061 31 7949
5102 31 7661
5144 31 7467
5184 31 7289
5206 31 7218
5231 31 7130
5247 31 7024
5250 31 6923
5250 31 6951
5239 32 6944
5217 34 6953
5195 35 6936
5166 35 7002
5139 35 7024
5104 35 7091
5081 35 7217
5056 35 7282
5016 35 7362
4986 35 7448
4951 35 7548
4930 35 7689
4895 35 7789
4867 35 7849
4846 35 7958
4822 35 8092
4795 36 8133
4758 39 8250
4748 42 8336
4714 43 8458
4685 43 8510
4653 43 8614
4625 43 8727
4575 43 8781
4546 43 8942
4522 43 9015
4498 43 9098
4474 43 9135
4454 43 9223
4446 43 9320
4433 43 9308
4420 43 9464
4417 43 9502
4414 43 9594
4433 43 9633
4457 43 9679
4489 43 9675
4524 43 9717
4569 43 9578
4598 43 9353
4645 43 9242
4651 43 9071
4659 43 8844
4664 43 8760
4674 43 8710
4673 43 8745
4688 43 8669
4683 43 8622
4675 44 8611
4670 46 8548
4659 47 8586
4644 47 8634
4615 47 8754
4586 47 8818
4573 47 8866
4556 47 8911
4546 47 8985
4527 47 9063
4512 47 9163
4508 47 9277
4497 47 9330
4495 47 9374
4484 47 9472
4477 47 9583
4461 47 9729
4450 47 9847
4441 47 9901
4434 47 9970
4425 47 10089
4419 47 10137
4412 47 10171
4412 47 10199
4405 47 10239
4392 47 10264
4386 47 10340
4375 47 10350
4386 48 10310
4366 50 10273
4363 51 10350
4352 51 10346
4339 51 10437
4345 51 10482
4341 52 10502
4348 55 10488
4356 58 10525
4375 59 10573
4397 59 10591
4402 59 10551
4422 59 10588
4431 59 10592
4431 59 10515
4427 59 10528
4423 59 10597
4417 59 10620
4411 59 10730
4408 59 10805
4414 59 10778
4408 59 10811
4395 59 10940
4390 60 11085
4378 63 11292
4357 66 11529
4346 67 11674
4332 67 11841
4339 67 11967
4329 67 12067
4307 67 12232
4310 67 12382
4306 67 12434
4293 67 12513
4284 67 12665
4272 67 12777
4278 67 12851
4265 67 12952
4251 67 12973
4234 68 13080
4227 72 13228
4215 78 13386
4204 82 13538
4210 83 13668
4208 83 13804
4195 83 13927
4172 83 14113
4151 83 14362
4129 83 14609
4120 83 14869
4108 83 15095
4108 83 15298
4090 83 15381
4078 83 15522
4076 83 15687
4062 83 15809
4048 83 15975
4037 83 16152
4031 83 16244
4029 83 16424
4035 83 16593
4037 83 16847
4043 83 17041
4033 83 17187
4030 83 17342
4025 83 17410
4011 83 17522
4011 83 17615
4013 83 17615
4001 83 17627
4004 83 17679
4001 84 17820
3977 87 18023
3967 90 18164
3955 91 18355
3930 91 18510
3921 91 18660
3917 91 18829
3905 91 18974
3889 91 19166
3875 91 19266
3849 91 19383
3845 91 19443
3827 91 19541
3815 91 19625
3805 91 19686
3799 91 19718
3783 91 19876
3756 91 19902
3742 91 20105
3734 91 20375
3721 91 20528
3715 91 20700
3700 91 20917
3690 91 21222
3677 91 21494
3660 91 21747
3636 91 22022
3648 91 22181
3639 92 22163
3641 95 22206
3630 98 22266
3638 99 22382
3619 99 22424
3610 99 22601
3610 100 22783
3599 103 22987
3600 109 23148
3596 113 23293
3600 114 23458
3584 114 23590
3587 114 23768
3586 114 24080
3573 114 24219
3552 114 24372
3537 114 24540
3523 114 24880
3524 114 25181
3510 114 25440
3500 114 25712
3503 114 25987
3479 114 26352
3465 115 26652
3455 119 26900
3434 125 27214
3425 129 27389
3410 130 27509
3401 130 27604
3398 130 27676
3383 130 27816
3368 130 27968
3367 130 28233
3340 130 28512
3330 130 28715
3321 130 28905
3310 130 29081
3308 130 29226
3292 130 29322
3279 131 29595
3270 136 29954
3254 146 30366
3231 156 30835
3216 161 31277
3197 162 31854
3176 162 32339
3153 162 32770
3134 162 33374
3109 162 33947
3098 162 34609
3094 162 35136
3074 162 35676
3066 162 36308
3064 162 36866
3059 162 37291
3055 162 37624
3053 162 37939
3047 162 38225
3047 162 38452
3038 162 38733
3039 162 38908
3034 162 39089
3031 162 39277
3011 162 39551
2996 162 39789
2986 162 39938
2979 162 39987
2972 162 40261
2956 162 40463
2940 162 40840
2938 162 41090
2926 163 41322
2914 167 41607
2893 173 41781
2886 177 41918
2877 178 42068
2864 178 42241
2854 178 42415
2828 178 42772
2816 178 43134
2811 178 43561
2811 178 43849
2795 178 44061
2784 178 44282
2774 178 44525
2764 178 44650
2764 178 44865
2769 178 44950
2744 178 45117
2746 178 45174
2753 178 45388
2742 178 45505
2734 178 45619
2727 178 45705
2721 178 45913
2713 178 46107
2689 178 46320
2687 178 46456
2677 178 46661
2677 179 46892
2671 183 46976
2664 189 47027
2667 192 47079
2664 193 47228
2656 193 47240
2644 194 47394
2648 199 47594
2640 209 47929
2619 217 48132
2610 223 48357
2613 224 48677
2599 224 48905
2578 223 49256
2569 223 49680
2543 222 49977
2520 221 50339
2511 221 50757
2505 221 51143
2499 221 51505
2502 221 51999
2494 221 52218
2484 221 52525
2477 221 52907
2468 225 53262
2457 231 53522
2453 236 53693
2445 238 53900
2407 237 54096
2394 237 54444
2376 236 54742
2361 236 54907
2347 236 55227
2333 236 55696
2309 236 56115
2300 236 56602
2291 236 57033
2264 235 57388
2256 235 57788
2240 236 58207
2228 241 58628
2225 253 58864
2226 265 59077
2210 272 59279
2206 276 59493
2196 277 59695
2169 277 59949
2157 277 60284
2133 277 60598
2116 277 61018
2116 277 61345
2105 277 61733
2074 277 62083
2051 275 62451
2033 275 62734
2009 274 63085
2003 273 63465
1989 273 63861
1981 273 64121
1956 273 64498
1947 273 65006
1931 273 65457
1914 273 65936
1911 273 66329
1890 273 66758
1872 273 67114
1867 273 67315
1852 273 67584
1843 272 67826
1827 272 68051
1818 272 68349
1799 272 68593
1779 273 68888
1766 276 69051
1767 281 69104
1750 283 69114
1732 282 69262
1717 280 69293
1700 280 69417
1696 280 69641
1678 280 69683
1668 280 69861
1653 280 70158
1646 280 70420
1638 280 70749
1614 280 71084
1602 281 71627
1585 281 72230
1589 281 72742
1579 281 73232
1559 281 73714
1545 280 74246
1534 278 74724
1531 277 75220
1528 276 75778
1518 276 76198
1506 276 76618
1494 276 77115
1478 275 77535
1462 275 77992
1456 274 78460
1441 277 78809
1434 280 79086
1428 283 79342
1430 282 79448
1430 283 79590
1424 288 79775
1416 300 79860
1400 314 79940
1365 323 80198
1350 327 80780
1327 328 81401
1301 328 82126
1279 328 82853
1257 328 83694
1238 328 84497
1222 328 85271
1200 328 85988
1174 328 86745
1165 328 87558
1154 328 88310
1142 328 89083
1136 327 89750
1120 328 90289
1106 335 90898
1104 341 91514
1096 342 92005
1083 340 92491
1078 340 93002
1060 340 93429
1047 340 93826
1042 340 94203
1030 340 94531
1007 340 94891
995 339 95329
990 338 95841
979 338 96386
963 337 96986
943 337 97611
933 340 98305
923 349 98797
915 362 99285
899 371 99881
879 375 100496
863 378 101051
841 378 101724
820 378 102414
802 378 103080
790 377 103771
772 376 104481
760 375 105195
738 371 105954
731 370 106713
722 369 107458
719 368 108195
712 367 108780
704 367 109280
689 367 109758
679 366 110130
666 365 110539
645 365 110961
631 365 111542
615 366 112131
597 365 112712
584 365 113354
583 365 113960
568 365 114622
563 365 115223
561 365 115907
560 365 116476
562 364 116883
556 364 117238
549 367 117563
549 373 117861
539 374 118171
536 373 118369
531 372 118474
515 372 118642
509 372 118902
489 371 119219
487 371 119665
485 370 120043
481 370 120363
472 370 120829
472 368 121239
475 367 121658
475 366 121991
471 365 122364
456 365 122822
449 365 123251
437 363 123724
430 361 124204
423 359 124639
427 353 124939
423 352 125216
417 352 125528
413 350 125820
411 350 126104
408 350 126255
399 348 126419
391 348 126562
383 350 126760
375 352 126899
369 350 127084
358 349 127292
351 350 127459
344 357 127673
336 364 127971
333 371 128218
323 379 128453
315 382 128665
307 383 128980
303 383 129232
296 383 129597
287 383 130002
280 383 130413
277 380 130850
277 380 131169
268 380 131466
264 380 131808
265 380 132023
261 381 132284
258 383 132545
257 384 132732
249 382 132936
243 381 133145
240 381 133326
236 381 133607
235 380 133784
235 377 134048
226 374 134266
225 375 134431
222 375 134607
220 374 134805
216 373 135050
210 371 135291
203 371 135590
201 370 135888
198 370 136102
193 373 136265
186 376 136504
183 384 136708
177 390 136916
167 390 137224
165 390 137549
158 386 137869
156 386 138142
151 386 138441
144 385 138697
139 385 138916
139 385 139103
130 384 139310
128 383 139573
119 382 139788
115 382 139996
109 381 140189
102 379 140399
97 373 140608
90 367 140891
79 366 141184
76 364 141507
72 362 141779
72 360 142029
67 357 142258
63 356 142524
62 356 142766
59 355 143009
55 354 143211
52 354 143427
48 353 143603
48 352 143773
43 351 143953
39 350 144172
37 346 144429
30 342 144747
29 338 145064
27 335 145363
26 333 145665
23 331 145954
22 331 146217
20 330 146459
19 329 146700
19 329 146915
16 328 147164
15 326 147369
14 323 147581
13 322 147762
13 320 147937
13 317 148085
12 314 148198
12 310 148298
11 304 148386
10 302 148457
9 299 148528
10 296 148603
11 296 148657
11 296 148690
11 296 148713
8 292 148746
8 289 148807
9 288 148845
10 283 148862
10 279 148876
10 278 148875
9 276 148878
9 272 148886
9 262 148901
8 260 148912
6 260 148929
6 256 148974
6 251 149016
6 246 149054
6 245 149088
7 245 149118
8 245 149130
7 243 149140
5 242 149164
5 241 149209
5 241 149246
5 239 149274
4 239 149297
4 236 149331
4 232 149361
3 226 149402
3 220 149438
3 217 149471
3 214 149501
3 214 149528
3 214 149553
3 212 149576
3 209 149595
2 208 149609
2 206 149634
2 206 149656
2 202 149675
2 200 149691
2 199 149704
2 197 149715
2 196 149724
2 192 149732
2 187 149739
2 178 149745
2 167 149750
2 164 149754
1 161 149757
0 159 149789
0 158 149818
0 158 149844
0 157 149868
0 157 149890
0 155 149910
0 155 149928
0 152 149944
0 151 149958
0 150 149970
0 150 149980
0 149 149988
0 143 149994
0 140 149998
0 138 150000
0 136 150000
0 132 150000
0 129 150000
0 127 150000
0 125 150000
0 125 150000
0 121 150000
0 121 150000
0 120 150000
0 120 150000
0 120 150000
0 119 150000
0 114 150000
0 111 150000
0 110 150000
0 108 150000
0 107 150000
0 106 150000
0 105 150000
0 104 150000
0 104 150000
0 104 150000
0 100 150000
0 99 150000
0 96 150000
0 95 150000
0 94 150000
0 93 150000
0 93 150000
0 92 150000
0 89 150000
0 87 150000
0 83 150000
0 82 150000
0 81 150000
0 81 150000
0 81 150000
0 81 150000
0 81 150000
0 79 150000
0 79 150000
0 78 150000
0 75 150000
0 75 150000
0 74 150000
0 74 150000
0 70 150000
0 65 150000
0 58 150000
0 55 150000
0 54 150000
0 53 150000
0 53 150000
0 52 150000
0 52 150000
0 52 150000
0 51 150000
0 51 150000
0 51 150000
0 51 150000
0 50 150000
0 49 150000
0 48 150000
0 47 150000
0 45 150000
0 45 150000
0 44 150000
0 43 150000
0 40 150000
0 40 150000
0 40 150000
0 40 150000
0 40 150000
0 40 150000
0 40 150000
0 38 150000
0 37 150000
0 36 150000
0 36 150000
0 33 150000
0 30 150000
0 29 150000
0 28 150000
0 28 150000
0 28 150000
0 24 150000
0 23 150000
0 23 150000
0 22 150000
0 21 150000
0 21 150000
0 21 150000
0 21 150000
0 21 150000
0 21 150000
0 21 150000
0 21 150000
0 20 150000
0 18 150000
0 18 150000
0 18 150000
0 18 150000
0 18 150000
0 17 150000
0 17 150000
0 17 150000
0 16 150000
0 15 150000
0 14 150000
0 14 150000
0 14 150000
0 13 150000
0 12 150000
0 12 150000
0 10 150000
0 10 150000
0 9 150000
0 9 150000
0 9 150000
0 9 150000
0 9 150000
0 9 150000
0 9 150000
0 9 150000
0 8 150000
0 8 150000
0 8 150000
0 8 150000
0 8 150000
0 8 150000
0 8 150000
0 7 150000
0 7 150000
0 7 150000
0 7 150000
0 7 150000
0 7 150000
0 7 150000
0 6 150000
0 6 150000
0 6 150000
0 6 150000
0 6 150000
0 6 150000
0 6 150000
0 6 150000
0 6 150000
0 6 150000
0 5 150000
0 5 150000
0 5 150000
0 5 150000
0 5 150000
0 5 150000
0 5 150000
0 4 150000
0 2 150000
0 2 150000
0 2 150000
0 2 150000
0 2 150000
0 2 150000
0 2 150000
0 2 150000
0 2 150000
0 2 150000
0 2 150000
0 2 150000
0 2 150000
0 1 150000
0 1 150000
0 1 150000
0 1 150000
0 1 150000
0 1 150000
0 1 150000
0 1 150000
0 1 150000
0 1 150000
0 1 150000
0 1 150000
0 1 150000
0 1 150000
0 1 150000
0 1 150000
